projection: RECTILINEAR
focal_length: 990.316
centre: [0, 0]
k: [0, 0]
fov: 1.59986
Hoc:
  - [0.614168, 0.784489, 0.0858825, 0]
  - [-0.674782, 0.578455, -0.458323, 0]
  - [-0.409228, 0.223535, 0.884627, 1.15]
  - [0, 0, 0, 1]
