projection: EQUISOLID
focal_length: 420
centre: [0, 0]
k: [0, 0]
fov: 1.80718
Hoc:
  - [-0.072171, 0.39044, 0.917795, 0]
  - [-0.471497, 0.797527, -0.376353, 0]
  - [-0.878909, -0.459899, 0.126533, 0.8]
  - [0, 0, 0, 1]
