dimensions: [1280, 1024]
projection: RECTILINEAR
focal_length: 1303.65
centre: [0, 0]
k: [0, 0]
fov: 1.46263
Hoc:
  - [0.38568, 0.266973, 0.883163, 0]
  - [-0.426309, 0.900477, -0.0860361, 0]
  - [-0.818236, -0.343318, 0.461109, 1]
  - [0, 0, 0, 1]
