dimensions: [1280, 1024]
projection: RECTILINEAR
focal_length: 861.603
centre: [0, 0]
k: [0, 0]
fov: 1.66932
Hoc:
  - [0.745791, -0.435725, 0.503924, 0]
  - [-0.373565, 0.352781, 0.857901, 0]
  - [-0.551584, -0.828063, 0.100329, 0.8]
  - [0, 0, 0, 1]
