dimensions: [1280, 1024]
projection: RECTILINEAR
focal_length: 894.642
centre: [0, 0]
k: [0, 0]
fov: 1.65058
Hoc:
  - [0.0845476, -0.967505, -0.238297, 0]
  - [0.952746, 0.0084689, 0.303649, 0]
  - [-0.291764, -0.252709, 0.922503, 1.07]
  - [0, 0, 0, 1]
