dimensions: [1280, 1024]
projection: EQUISOLID
focal_length: 420
centre: [0, 0]
k: [0, 0]
fov: 2.47912
Hoc:
  - [0.812205, 0.518554, 0.267256, 0]
  - [-0.501786, 0.854656, -0.133324, 0]
  - [-0.297547, -0.025819, 0.954358, 1.15]
  - [0, 0, 0, 1]
