dimensions: [1280, 1024]
projection: EQUISOLID
focal_length: 420
centre: [0, 0]
k: [0, 0]
fov: 3.06337
Hoc:
  - [0.515385, 0.854798, -0.0608212, 0]
  - [-0.829754, 0.480023, -0.284757, 0]
  - [-0.214214, 0.197226, 0.956669, 0.91]
  - [0, 0, 0, 1]
