dimensions: [1280, 1024]
projection: EQUISOLID
focal_length: 420
centre: [0, 0]
k: [0, 0]
fov: 1.8691
Hoc:
  - [0.430391, -0.108123, 0.896143, 0]
  - [0.734872, 0.618468, -0.278316, 0]
  - [-0.524144, 0.778336, 0.34564, 1.04]
  - [0, 0, 0, 1]
