dimensions: [1280, 1024]
projection: EQUISOLID
focal_length: 420
centre: [0, 0]
k: [0, 0]
fov: 1.59286
Hoc:
  - [-0.308872, 0.945477, 0.103304, 0]
  - [-0.84664, -0.223831, -0.482805, 0]
  - [-0.433359, -0.236586, 0.869613, 0.9]
  - [0, 0, 0, 1]
