projection: EQUISOLID
focal_length: 420
centre: [0, 0]
k: [0, 0]
fov: 2.62449
Hoc:
  - [0.192518, 0.537159, 0.821217, 0]
  - [-0.13231, 0.843439, -0.520677, 0]
  - [-0.972333, -0.00841571, 0.233448, 0.85]
  - [0, 0, 0, 1]
