dimensions: [1280, 1024]
projection: EQUISOLID
focal_length: 420
centre: [0, 0]
k: [0, 0]
fov: 2.42449
Hoc:
  - [-0.49091, 0.732683, -0.471363, 0]
  - [-0.740414, -0.635998, -0.217473, 0]
  - [-0.459125, 0.242244, 0.854706, 1.05]
  - [0, 0, 0, 1]
