projection: RECTILINEAR
focal_length: 702.465
centre: [0, 0]
k: [0, 0]
fov: 1.77025
Hoc:
  - [0.467327, -0.518072, 0.716385, 0]
  - [0.357837, 0.851814, 0.382578, 0]
  - [-0.808429, 0.07756, 0.583461, 0.85]
  - [0, 0, 0, 1]
