projection: RECTILINEAR
focal_length: 807.17
centre: [0, 0]
k: [0, 0]
fov: 1.70174
Hoc:
  - [0.3651, -0.695642, 0.618695, 0]
  - [0.643041, 0.669002, 0.372738, 0]
  - [-0.673201, 0.26176, 0.69158, 0.85]
  - [0, 0, 0, 1]
