dimensions: [1280, 1024]
projection: RECTILINEAR
focal_length: 876.805
centre: [0, 0]
k: [0, 0]
fov: 1.66062
Hoc:
  - [0.355455, 0.913602, 0.197446, 0]
  - [-0.886057, 0.396609, -0.24001, 0]
  - [-0.297582, -0.0896359, 0.95048, 0.9]
  - [0, 0, 0, 1]
