projection: RECTILINEAR
focal_length: 1367.32
centre: [0, 0]
k: [0, 0]
fov: 1.43896
Hoc:
  - [-0.470696, -0.882268, -0.00701099, 0]
  - [0.119312, -0.0715228, 0.990277, 0]
  - [-0.874191, 0.465283, 0.13893, 1.2]
  - [0, 0, 0, 1]
