projection: EQUISOLID
focal_length: 420
centre: [0, 0]
k: [0, 0]
fov: 2.72
Hoc:
  - [-0.351826, -0.0251788, -0.935727, 0]
  - [0.367305, -0.923179, -0.113263, 0]
  - [-0.860991, -0.383546, 0.334047, 1.18]
  - [0, 0, 0, 1]
