projection: RECTILINEAR
focal_length: 672.103
centre: [0, 0]
k: [0, 0]
fov: 1.79185
Hoc:
  - [0.274291, 0.669558, -0.690259, 0]
  - [0.286749, -0.742082, -0.60588, 0]
  - [-0.9179, -0.0317439, -0.395541, 1.07]
  - [0, 0, 0, 1]
