dimensions: [1280, 1024]
projection: EQUISOLID
focal_length: 420
centre: [0, 0]
k: [0, 0]
fov: 2.43933
Hoc:
  - [0.202951, -0.627579, 0.751635, 0]
  - [-0.503845, 0.591263, 0.629721, 0]
  - [-0.839614, -0.50651, -0.196205, 1.18]
  - [0, 0, 0, 1]
