projection: RECTILINEAR
focal_length: 666.323
centre: [0, 0]
k: [0, 0]
fov: 1.79606
Hoc:
  - [0.691674, -0.700795, -0.174567, 0]
  - [0.65984, 0.51494, 0.54722, 0]
  - [-0.293598, -0.493683, 0.818583, 1.07]
  - [0, 0, 0, 1]
