projection: EQUISOLID
focal_length: 420
centre: [0, 0]
k: [0, 0]
fov: 2.29277
Hoc:
  - [-0.0943642, -0.912074, 0.399019, 0]
  - [0.765975, 0.189501, 0.614305, 0]
  - [-0.635906, 0.363607, 0.680744, 0.79]
  - [0, 0, 0, 1]
