projection: RECTILINEAR
focal_length: 644.708
centre: [0, 0]
k: [0, 0]
fov: 1.8121
Hoc:
  - [0.952649, -0.0339823, 0.302167, 0]
  - [-0.077588, 0.933675, 0.349616, 0]
  - [-0.294007, -0.356506, 0.886828, 0.78]
  - [0, 0, 0, 1]
