projection: RECTILINEAR
focal_length: 868.041
centre: [0, 0]
k: [0, 0]
fov: 1.66562
Hoc:
  - [-0.316188, -0.144188, 0.937675, 0]
  - [0.181584, 0.960911, 0.208992, 0]
  - [-0.931157, 0.236348, -0.277646, 1.2]
  - [0, 0, 0, 1]
