dimensions: [1280, 1024]
projection: EQUISOLID
focal_length: 420
centre: [0, 0]
k: [0, 0]
fov: 1.80248
Hoc:
  - [-0.244225, -0.905877, 0.346036, 0]
  - [-0.0304556, 0.363831, 0.930967, 0]
  - [-0.96924, 0.216827, -0.116446, 0.8]
  - [0, 0, 0, 1]
