dimensions: [1280, 1024]
projection: EQUISOLID
focal_length: 420
centre: [0, 0]
k: [0, 0]
fov: 2.15361
Hoc:
  - [-0.546473, -0.360091, -0.75611, 0]
  - [0.442768, -0.890571, 0.104119, 0]
  - [-0.710861, -0.277883, 0.64611, 1.18]
  - [0, 0, 0, 1]
