projection: EQUISOLID
focal_length: 420
centre: [0, 0]
k: [0, 0]
fov: 1.77693
Hoc:
  - [-0.119489, 0.665166, -0.737073, 0]
  - [-0.171253, -0.745073, -0.644623, 0]
  - [-0.977954, 0.0492007, 0.20294, 1]
  - [0, 0, 0, 1]
