projection: RECTILINEAR
focal_length: 641.168
centre: [0, 0]
k: [0, 0]
fov: 1.81478
Hoc:
  - [-0.847717, 0.17231, -0.501682, 0]
  - [-0.415604, -0.803451, 0.426311, 0]
  - [-0.329619, 0.569892, 0.752711, 1.2]
  - [0, 0, 0, 1]
