projection: EQUISOLID
focal_length: 420
centre: [0, 0]
k: [0, 0]
fov: 2.68629
Hoc:
  - [-0.257506, 0.442693, -0.858902, 0]
  - [-0.757062, -0.644791, -0.105363, 0]
  - [-0.600455, 0.623111, 0.501184, 0.78]
  - [0, 0, 0, 1]
