dimensions: [1280, 1024]
projection: RECTILINEAR
focal_length: 968.415
centre: [0, 0]
k: [0, 0]
fov: 1.61104
Hoc:
  - [0.102792, 0.934841, 0.339862, 0]
  - [0.525315, 0.23912, -0.816618, 0]
  - [-0.844676, 0.262477, -0.466506, 0.91]
  - [0, 0, 0, 1]
