dimensions: [1280, 1024]
projection: RECTILINEAR
focal_length: 1358.06
centre: [0, 0]
k: [0, 0]
fov: 1.44233
Hoc:
  - [0.446279, -0.888994, 0.102591, 0]
  - [0.854602, 0.457388, 0.24587, 0]
  - [-0.2655, -0.0220524, 0.963858, 0.85]
  - [0, 0, 0, 1]
