projection: EQUISOLID
focal_length: 420
centre: [0, 0]
k: [0, 0]
fov: 2.53731
Hoc:
  - [-0.243588, -0.334629, -0.910323, 0]
  - [0.231476, -0.93153, 0.280485, 0]
  - [-0.941851, -0.142395, 0.304368, 1.155]
  - [0, 0, 0, 1]
